91 67 84 50
69 74 78 58
62 64 55 95
81 77 61 91
95 92 77 86
91 54 52 53
92 82 71 66
68 95 97 76
71 88 69 62
67 99 85 94
53 61 72 83
73 64 91 61
53 68 97 94
62 57 87 59
73 91 79 78
66 85 90 92
88 56 90 92
64 98 96 55
90 79 70 50
56 51 93 98
79 73 84 54
56 90 66 76
81 58 94 89
76 73 87 88
68 82 79 91
83 65 89 58
54 80 77 56
73 86 71 95
74 72 70 79
77 73 97 62
86 90 61 86
55 67 55 74
81 52 50 50
91 74 66 80
57 91 57 87
57 87 53 83
95 59 59 58
71 88 72 96
56 80 63 68
50 91 62 55
60 59 74 87
98 83 95 91
52 50 91 86
74 70 96 71
98 99 68 84
81 84 53 99
68 88 50 88
77 67 78 93
98 83 57 71
60 67 63 64
59 66 85 51
50 99 69 56
98 53 74 58
94 59 89 52
95 85 93 93
73 87 64 53
98 50 58 68
80 96 98 81
89 98 59 57
72 72 88 92
88 79 90 57
58 91 65 88
56 61 52 84
72 55 78 96
62 86 75 83
69 92 94 66
81 98 72 51
71 99 57 76
92 89 75 62
50 60 53 69
61 88 51 89
55 73 52 85
82 85 88 76
67 57 82 82
69 54 71 89
76 79 68 92
75 55 84 99
91 62 95 60
68 53 89 73
79 96 87 79
99 87 66 99
93 95 97 66
86 55 88 82
55 84 64 51
66 71 86 63
63 55 85 53
62 58 82 95
63 56 71 58
96 82 81 94
96 72 79 61
85 50 73 66
94 59 92 89
53 74 54 60
95 99 86 63
74 72 68 68
87 55 58 91
52 75 77 64
64 74 84 74
72 59 83 70
87 97 68 77
73 70 63 68
92 85 52 80
63 77 52 99
77 75 93 74
73 72 61 81
53 82 55 93
75 81 92 92
72 86 64 50
87 60 63 74
70 70 85 83
61 60 96 67
85 50 90 94
95 74 69 75
76 94 58 52
71 66 78 93
51 84 68 64
69 52 50 87
60 76 60 57
70 65 76 77
93 58 64 59
82 86 65 87
77 74 75 77
79 78 73 70
52 62 73 96
87 61 95 75
64 60 52 66
80 76 61 71
61 97 53 70
90 74 88 63
90 51 62 79
50 63 58 78
65 57 77 50
58 89 53 60
57 74 77 58
63 87 51 50
60 78 93 84
55 90 61 54
85 56 72 50
73 85 56 66
76 57 76 57
87 71 69 61
96 72 67 62
67 96 85 91
73 79 79 65
59 82 96 55
53 62 84 84
54 72 57 69
82 63 57 83
61 85 67 98
75 88 73 92
54 61 91 75
59 75 71 70
76 84 55 83
50 98 79 51
93 84 87 84
56 93 76 55
62 98 81 50
63 91 55 55
92 62 61 77
74 78 52 93
96 73 90 63
75 72 68 60
67 82 62 95
69 81 90 88
85 90 97 89
90 95 53 64
51 90 94 58
85 59 92 55
64 81 53 79
75 58 92 97
99 56 61 77
67 91 79 90
63 74 51 77
65 83 63 92
74 51 92 59
70 78 77 84
75 86 98 70
87 97 54 53
71 63 56 63
60 71 89 90
64 92 69 63
91 54 68 82
50 55 75 89
53 72 98 97
84 98 71 64
63 75 95 62
96 78 69 62
69 85 89 94
65 90 95 58
68 70 51 73
82 72 52 87
70 63 51 53
73 77 50 69
65 65 78 93
97 88 93 87
59 63 99 81
88 92 58 60
71 58 54 88
96 90 99 93
80 70 98 67
86 83 85 76
85 88 53 79
74 98 73 59
57 66 94 55
68 76 61 75
55 51 99 96
84 65 64 92
75 63 92 96
98 72 76 56
73 79 54 55
76 62 75 93
65 86 86 91
64 94 56 52
86 88 82 55
65 81 80 91
75 61 87 86
90 50 62 84
93 53 66 52
58 62 83 54
53 84 53 56
98 74 67 63
59 78 50 80
68 58 50 55
61 64 53 76
93 59 52 61
89 98 82 53
74 70 52 73
81 69 78 59
58 69 71 53
95 81 54 92
85 63 98 89
72 88 87 60
61 84 58 61
59 93 65 69
87 69 58 50
71 64 67 65
55 65 80 89
62 88 82 54
85 60 84 74
80 65 51 91
65 79 60 98
73 88 77 82
56 89 63 58
91 90 73 63
78 84 78 50
71 85 74 71
83 67 53 95
68 75 76 79
50 98 59 93
86 80 66 99
