-2309
-878
-1369
-816
2079
547
-2864
-2713
4495
3693
2763
814
-2660
2359
-2803
-1494
1908
-4949
-2227
2170
2021
-4120
-4377
1350
-4313
-2578
3418
-3651
1080
-694
-307
-513
2654
-2984
-2035
-1148
4063
1578
-1073
-4414
-3870
-1908
4868
272
3871
-3100
3890
-403
1613
2939
-571
164
-4124
1507
-107
3953
1429
-861
-4731
-1122
-2729
2733
1210
2077
-1787
1358
-3765
-1657
-4235
1294
1780
347
-209
-30
4385
250
-280
-2922
-1552
-4129
-2099
172
-3999
-2308
4137
376
2556
-306
-2402
517
247
725
-2505
-4963
-2747
3536
485
3007
2450
-1377
-1547
3907
3725
338
-2349
3520
1254
-236
-2142
-1886
-471
-4423
-100
1236
711
2716
1024
-1523
1387
555
2303
-1249
-1706
-2484
603
1257
-701
-159
-4358
-1159
-2912
1754
-4502
-2481
-1372
-1787
-3225
-2878
-4958
-792
1183
4906
-456
-4280
-2470
4405
-313
-168
212
4683
3729
3819
2228
-654
2063
2962
2309
-4091
4278
-4218
-3728
-2582
-4155
2965
3712
-4979
1726
738
3799
564
1905
2342
181
-2330
-512
3860
-2918
-341
-825
-21
4394
-1414
-1166
-1646
397
-3958
-500
-2206
-3915
1602
-4534
-4175
1307
-3665
-4643
-2337
3361
2715
-3591
2840
-2994
3611
270
2749
-326
-1096
-2081
3147
-2145
3508
3479
-3047
3381
3533
3548
2485
-893
-4541
1841
3604
695
2717
-3977
-3312
-444
-1248
2762
-369
-3324
3519
-2135
-2547
-3101
4381
-3487
-996
2301
-3148
4319
3964
-1542
-1862
-58
2078
-561
693
-2559
-1652
1906
3643
3358
-3794
-3546
-243
4315
2022
-2879
-1973
542
3247
1364
1491
-1816
-4110
2828
-4857
2555
-2905
4026
3101
-173
2219
1900
-3502
-2364
-3508
-62
-4139
-3789
-4483
-47
2018
864
-3635
4861
-1140
-1937
2832
-3972
1710
-802
-2372
-3857
13
-2561
-4629
-3020
2075
3438
-760
-677
-19
-1372
-2176
-1410
1834
3103
-1733
-4482
1662
4234
-1787
-701
3167
-4045
-4276
4111
-1424
1530
-2241
2864
3226
2346
-2516
3772
1499
-3949
4329
-2042
-2680
-3509
2825
-4920
-1587
-4322
4495
-4859
4276
4562
-2268
-4910
-4213
2770
3521
3394
691
-3440
-2837
-569
1360
2905
2839
-4357
-913
868
-3438
3971
-2908
339
3489
1783
-4894
-482
3829
-2384
-4633
3300
-3829
-2758
239
1761
2542
2932
3203
3931
-4717
-4154
3428
1450
2993
4079
-2195
533
3869
2986
-2070
4825
-3197
-4144
4310
-3680
-2553
3031
4452
-3163
811
-1818
-4912
-1469
2084
55
-4195
1193
1256
-2733
-489
3251
2669
1091
937
4258
-1496
3242
1589
-1851
4975
3987
-1024
-480
1946
3224
1585
-4289
4122
2087
46
709
-693
-406
437
-3551
-1253
1380
-3243
-3556
-2145
-923
-1083
-504
4416
-1689
223
730
4749
4580
4694
-139
-2823
2841
249
-1513
1313
566
-472
-367
3624
-2530
1641
1159
-3932
-1995
-3255
1709
412
4214
3355
-1251
-4913
1037
1174
-1667
679
-909
560
1366
3771
-1975
-3646
-3312
11
-224
4564
-726
-4849
-269
-4207
-4609
3780
4917
-3835
2271
-4248
-4977
3051
-4214
3869
2914
-1454
1808
-2159
-3835
3515
-486
-4575
3759
-2551
-4744
-1243
-2948
1983
2961
1920
-1694
-4488
-1946
3804
54
-3913
-2927
-3978
725
-131
3190
625
4928
4329
-742
-710
-1769
1364
-2407
-3421
-2712
-2503
-430
1679
-3821
-2999
1153
1550
4135
1533
-285
3553
-3228
3396
3603
3972
-1203
1105
-4424
3611
-4937
-842
-4478
-241
2519
2081
-3170
4452
2988
-691
140
-698
-4423
-4089
-746
3775
-4598
2369
-3152
-4770
4250
3616
3676
3007
-1654
3608
-3367
-33
1598
2530
3428
3006
1289
-1946
3515
3079
4658
4816
124
1114
2335
-3431
-3016
-1580
4086
821
3227
2672
1030
-2992
-1476
-270
2135
2256
2306
-116
-1175
1534
2592
-1935
2998
-3894
-4408
-3671
-4069
-4515
3798
179
-4822
2854
-1461
-695
323
3295
-1704
-3757
4790
-3648
-2319
1082
2642
-3805
-620
1521
4265
4713
-1600
-1651
-2098
3740
-79
462
-491
1095
3090
-4521
1133
1469
-3151
4685
-1071
155
-498
-51
1418
2156
4604
-3464
2815
-3923
3380
-4123
1083
1545
-3572
-4854
-4744
4022
1392
2546
4350
-234
-4425
1842
4785
3649
2671
1194
4829
-4242
3513
-4978
-4168
-1197
900
-3129
447
2147
-865
4413
2671
28
-164
2648
-194
-2873
-3254
497
1516
-4367
-2830
-3850
2641
4970
-4722
2925
2185
-664
-2666
-4109
-420
-1169
-3599
1409
-1080
507
-1113
1542
1306
-2602
-4577
-4459
2683
3018
-1254
-900
669
-1328
4361
-2271
666
-683
-4671
-793
4429
-1188
-1038
4781
-516
-2712
-1520
-1977
2310
1497
2459
2180
4412
2229
3049
194
3854
-4580
-4713
-2953
1625
-1025
-2649
-2260
-1774
-1197
4530
544
-1790
-510
-4373
3155
4099
-1167
-999
4248
2593
2230
3799
221
1885
1548
1441
-3773
4886
-3637
2249
-4219
-1646
-3855
2242
3235
1764
1485
-380
-364
-2430
-1205
1459
472
-1546
-1930
2873
4129
4796
2917
-308
-2823
4088
-1185
4183
-3690
-4298
1017
428
923
-621
665
624
2302
4288
3754
2092
-2533
-3059
1751
-197
-4322
-1689
1965
-326
-3683
-3361
-249
1621
2570
-2264
622
-262
-3109
2247
617
-2645
-1969
585
4591
2816
-544
-2417
4804
1342
1852
-4480
3895
-2178
1225
-4918
-2464
4023
-3937
4370
3743
2574
-4206
879
-3913
3937
876
-2160
-1333
673
-674
1221
441
1868
-1888
2239
1279
-1056
3842
-742
-782
-1399
-1304
-702
-1592
-1312
-46
2945
-177
3354
1600
3628
1607
4751
2196
-2500
30
1431
-4035
697
-4612
-4309
1076
2109
4014
-4654
4661
3533
228
2392
-4876
1332
-3965
-4260
1791
-2269
-3938
3526
-2567
-2442
3366
4731
-2040
2683
-4310
2366
2164
-261
-1948
-96
4724
-2183
1870
-3081
3938
-1628
-1792
-541
2212
-4111
2930
3817
3042
-2242
4441
-1578
4959
-4050
-4456
1104
4945
-2234
1545
4445
-2376
-4382
-3927
-2310
2093
46
954
4686
-1613
-2033
3173
4098
4524
-3187
-123
4079
3231
-250
685
3776
-1958
-87
4588
791
-3548
-3025
3529
-4728
1133
-2940
335
-1984
3455
3709
2581
838
489
-1262
-4957
-108
2929
4773
2304
-1865
4868
-821
1130
-4827
180
3112
2728
2440
257
953
3527
-4491
-124
-4845
4471
-2036
-1256
3684
-2946
-1816
-2949
3019
3085
4088
1806
-460
-2854
1779
-2571
-1055
3307
4980
4777
-3966
-3984
-3721
3702
3291
2891
-3235
1310
1642
-2909
-384
-2683
805
1185
1541
3010
-963
2164
311
-3797
3176
-920
2835
-263
830
1089
-2960
-1510
4149
2217
-1674
-2256
365
3794
1544
1866
2079
-685
2081
1430
3910
-1372
-1531
1358
3743
-1041
2632
4993
2742
2502
1102
-2751
2888
-3446
4215
-107
-4756
-3945
4562
1369
-1973
3629
-3487
-4002
-1319
1672
-2989
2755
-2180
317
-1527
1650
-4113
-1853
4374
4299
1239
968
-89
690
-4445
3214
4826
2612
-417
-594
-3996
-3587
3898
2553
3446
994
-2257
3947
-4668
2684
-535
-503
340
-4927
-4330
3137
-375
-4356
-4245
-3028
-2935
604
-2554
-4305
2465
-3739
2784
4966
3928
894
3866
-4787
-3523
4559
-4094
-941
-1458
-601
-1942
-2231
-3437
4648
2334
-1424
-4764
-31
402
-626
-3374
911
1788
3357
4982
1542
3358
4488
4212
4549
4063
-841
4716
-2965
1789
-1002
432
-4698
4367
4868
-2032
3318
3420
-4899
171
-34
3611
-4343
-4911
-4001
555
3671
2845
-1192
3282
1622
-1196
-3446
-4668
1841
-901
1343
4086
4209
943
1296
2885
999
-3311
-491
2236
-229
-4176
-909
2566
-1430
4378
-586
-1290
575
-3530
1706
2790
-3659
93
-2714
1278
4300
-138
4540
-809
-4023
-2489
-3178
-3721
4365
-764
-1842
-2584
-4667
3554
-3554
4619
-3182
-989
1437
-1588
-70
2112
-3791
4856
1485
-2871
1421
-1049
61
327
-4277
-199
3498
-4879
3718
-431
-2948
-990
-1755
474
2121
2575
-2357
-442
365
2802
-1842
-4717
4019
510
-3549
1190
-3906
4090
-3741
-509
2402
-2410
4876
-1242
3069
-3546
3712
-4146
3896
1566
4521
-4979
671
-3407
1853
-2388
4699
2054
3563
259
-164
-109
1271
-2394
-2163
-768
624
-1620
-4831
3171
1961
-3937
1597
2680
-3935
2814
-4169
320
-2152
2878
-1557
4259
1297
-2804
2554
-2494
1277
-1209
-4467
3924
-2727
3488
-1795
2788
-2686
1050
4934
1010
4647
3569
2983
-948
343
-1984
2020
266
-1276
2832
-2338
-2785
4503
-4990
-1667
-1350
-919
-1962
4357
1544
-3351
-3710
-4211
3423
136
2220
-2292
-4679
-2430
3113
-1471
-2000
791
1825
3007
-1774
3767
1304
3668
599
-3474
-4176
1958
1618
143
2550
-1081
1852
-4027
-1795
-4724
-1713
-4136
-4939
679
-1506
-32
3977
4736
322
4257
-4950
-2921
245
3010
-2066
-75
-1127
1411
341
3444
-4154
3233
2292
-3939
3640
1615
-4782
3567
-4175
-2766
195
1558
-780
4815
104
2473
-802
-4658
-4978
-3551
4568
384
-2073
2537
132
-191
2120
3967
2540
-52
672
-975
1791
-3931
-1419
4317
1948
-3056
-1329
1433
-617
-2617
4271
3512
-2770
-62
-127
-4723
3922
461
4421
1375
2261
-4194
1316
-1507
-3805
4281
2251
-824
-1197
-4883
-2721
1350
-1894
1937
4936
-2442
-3174
4950
-2187
-327
-4938
175
1503
1323
1936
-3397
2249
-2560
2903
3695
3454
-4326
3630
-1960
-1529
3894
2191
-800
1682
-982
2747
-364
4427
-2854
1642
1349
-1845
-3666
2517
-453
-3706
-4994
-2544
4510
3794
797
-4080
3352
2673
619
-4038
1198
-525
-4559
-290
1615
1681
-1182
-3731
-4402
463
2950
3442
640
3363
4192
1875
-1757
-2800
-4579
3632
-4630
1844
612
1899
-2244
-2354
-55
-657
-1377
479
4425
1447
2876
-4288
-1687
-3025
-2766
3801
1966
-116
-4147
-2068
-2216
2294
2185
4394
-4926
4909
245
2763
-2767
4150
-1024
-3458
-3119
3745
-3252
4445
873
-3726
1025
-1734
-4187
150
-3596
-1675
-1844
-3331
4862
-2010
2524
-2552
3839
3922
-3470
-1424
4049
1256
1098
2722
-1708
3201
3611
2288
-1604
-3038
1906
1440
-2913
2958
-2791
-3868
115
2601
-3752
1583
2135
2965
-2641
1274
1970
3828
562
2247
4164
2383
2701
3439
3552
-1066
-3794
2192
-2736
-307
1952
3359
4434
4298
4259
-3413
-4183
-3216
-3666
2823
2450
-4810
4618
-2734
1444
-140
2243
2133
66
-798
-4982
1519
-4037
1802
-4316
-2902
-2178
-1670
920
1433
-3034
-4658
-1498
-3977
-2597
-793
3707
-322
484
-1268
3562
-3550
4070
2325
4888
-560
-4005
-2295
-3554
-815
-125
4844
3907
-4842
1845
-3931
-2698
2471
686
-795
-3648
-3696
4109
-360
-4347
3171
-2808
-1178
-1345
-939
-1218
-1157
-2308
-4054
4223
-3547
1731
3461
-198
776
-1363
-3364
3002
4284
-114
4955
-1169
-4328
-1649
-2441
177
-4323
-745
-4317
3243
-4233
-4550
-3747
662
-3007
-3788
710
1172
-756
-1730
1891
240
-3251
535
2869
-1928
4086
2290
4227
-2892
3349
3681
-4063
-3553
-4623
-1196
-158
4244
-675
-1720
-2480
-3492
-421
4819
-4666
-66
45
3948
-3709
2423
-3714
-580
-4533
120
3387
568
-2158
3448
4348
4595
1437
3711
-1143
3219
-3402
3636
-2644
-2362
-2197
4436
-48
-3254
-3683
4767
3451
-1547
661
-3126
2937
-1266
-2430
2019
-1822
364
2536
2559
-1855
971
4240
-4850
4977
-967
-424
3778
-526
3749
2353
171
-4729
3708
-4184
-895
-3790
-468
1242
2195
-4842
1527
3287
3944
558
2730
955
831
4441
678
-1509
-276
-1061
-4042
-360
-4677
1278
-4273
1846
-2281
2539
-1299
-3727
-2661
-2254
-1952
52
2731
2696
-3506
656
-2960
-288
1507
-2470
4525
-2390
1191
2248
-2069
837
4412
-4542
1039
2027
2813
4714
2913
3003
-4924
-752
4533
-1216
2161
-14
588
-4078
-2552
-2786
859
-1092
2241
-4745
2199
-4353
2067
1582
-2580
2205
403
-3754
1879
488
-654
-1920
-371
4959
3160
3018
-3416
-2620
-3422
-2710
3700
-757
3750
-4465
-3360
4487
4196
1016
-1941
-4585
3216
-1144
-4975
4450
-631
-615
1648
2094
739
-2494
3098
-288
-630
1286
-3051
4469
-2148
-1427
-538
31
142
-4561
3167
-2956
-811
3662
-2707
1889
-3772
-2971
-4074
-1612
2583
-2936
4197
-97
-1488
6
-2533
2948
3775
-2776
2428
396
-2133
3770
-2673
-4877
2292
-4549
-4214
1173
3667
4764
4916
4335
4002
-1080
1730
728
-4336
4706
-882
4470
4628
1888
1151
1033
1774
-4752
2656
3518
613
-1781
1189
-1155
-893
4211
989
4973
-983
2094
1993
-205
-2877
1729
-2975
-4489
1768
4434
-1608
2429
3514
424
4911
3525
2918
-388
1753
2271
-2938
2082
2963
-494
-812
-4691
-4857
3511
-2922
3208
2132
2748
825
211
-2418
1467
768
280
4231
-4833
4963
-641
-829
-2019
4659
1666
2100
3325
-4440
-1341
-3958
4831
-3941
-4247
-672
959
47
-3084
270
2466
-4520
-390
-3659
-3287
-4170
1360
1820
-765
-4782
4368
-2299
-1339
4964
1116
-2107
-294
2184
3409
-3276
4206
-4246
-3426
2604
-3124
781
1702
-1023
810
3520
-1209
-2696
-3603
3838
-750
-4405
-769
-3496
2374
4769
3590
4367
-4174
-211
1871
1901
-2033
-1085
-943
-41
-907
2275
-691
-3086
-1906
1298
4676
-1171
1050
-905
-4911
2156
1175
1650
2137
3064
-4885
3051
-1725
-3841
-4850
-1137
-4748
477
-2341
-1417
4374
2588
1471
-891
2723
-3953
-4950
3823
-2333
1622
-119
-1399
-1275
1243
1846
2962
-1933
4559
3925
-2483
-1313
-568
-3399
836
-2366
-1511
1665
-2824
-1028
-1548
547
2731
-4242
-549
1756
-4100
-327
-3431
-3765
148
-312
-1216
-2844
-173
-1027
-3404
3956
3988
-3155
4639
-2477
-658
2558
1872
44
-414
2405
1649
3570
-697
465
-2085
-45
2543
4073
-1546
-493
1628
2719
-788
2575
-4938
-2906
1767
265
-2541
-2498
3296
1329
4934
4260
-894
1506
-1532
572
35
4867
-2803
208
4749
-4954
-2568
4342
-4341
-1364
3892
-4203
-4516
-1757
-1483
4008
884
4378
-2681
-4889
2288
2538
4758
-784
-4832
4471
1985
-4284
-3056
-3480
-3768
-3181
-4919
4521
-3932
3948
-3242
714
-1566
2441
-4673
710
1222
916
-510
3120
4570
-847
4822
-335
-1981
-457
3040
-72
-4674
852
133
4635
-4590
-1413
4007
854
4187
3365
-1987
3735
-376
-1784
1917
4831
3679
1380
1911
-3074
187
-71
-1813
3541
-2567
-2042
-1151
3621
-4614
-4570
1723
-3596
-1221
3683
-4959
-1135
-4239
-4234
-4265
-1195
4293
4144
-801
2667
1498
-3145
-2129
1190
1205
-424
1421
1210
369
145
2782
-268
-4884
-2494
-410
-1299
-254
4705
1404
4866
-264
3359
-1290
2503
-3273
-2275
-2580
3651
2686
-75
3766
-4952
858
1177
-1725
-1218
3021
-4087
-3250
-486
1074
-976
-4950
-3157
2433
4824
2943
-3868
908
3623
-1404
-1712
3086
-4639
-1341
3694
-766
-1597
-1617
16
806
-1407
1762
-4358
4699
1974
-3118
571
-381
3698
-3968
-1706
3751
-1789
366
544
-2182
-4419
-1907
-181
-4073
-2173
1387
-2953
3019
-4966
-4663
-272
3540
-3961
2824
-1916
2545
-4160
-3712
2429
630
-1279
-2260
2162
-3781
2965
-2470
4823
-2646
1052
2233
8
2155
-1880
-3854
100
-3243
-4538
1812
44
1471
4448
3792
2989
-4757
2152
1430
-4039
2813
1739
-2030
4196
2789
-3765
629
4579
4259
-1361
4327
4215
222
-1342
3918
4723
2703
-2590
-1609
-2304
-3559
2109
1606
1337
1286
2437
1961
897
3299
-445
4032
-1952
1912
-1617
-1578
-3672
2206
4112
1924
31
3915
-2520
-4118
740
-4626
-2608
-4756
-4050
-1773
1069
2232
2473
696
3690
-984
825
-2770
3361
2408
2635
2816
-4292
2183
-699
1665
-4724
-2722
-915
2718
-4393
839
-572
4967
-3187
2470
15
3601
-3914
1647
1859
1181
2830
-1178
-1836
3053
-1977
4300
-1935
4354
-746
-4136
2327
3215
2053
732
4528
963
-4381
4083
1664
2471
-2530
910
1973
-3142
-872
236
-2399
-237
4904
-2003
-2870
-2318
-4029
-3050
1484
-771
-423
4631
3648
-1600
-2302
1550
-318
-3698
-963
-1753
2466
-2053
-2541
2774
-4107
-1366
3220
-4090
319
3310
98
653
-1812
-385
-1471
4848
-3612
4212
-4384
2258
-3896
292
-4478
2312
384
-3529
855
2441
2145
-2098
-3391
-1037
-3047
-382
1398
-4004
2111
-1055
3829
3505
1442
110
495
2119
-1549
1950
-3293
1427
-3160
-3704
-4918
4821
-2198
2921
-2525
3636
-995
-2553
3778
270
-4261
-2245
1305
92
-633
-3735
-85
-21
-1839
2128
-1986
-3268
-2906
-4900
-1198
-2012
-4680
-2889
-1358
-2988
-2396
-2299
2039
-602
-3632
-4149
953
2077
-66
-4469
-3403
4918
2152
197
2427
-540
27
-1814
2851
-770
2311
-3849
-2048
1838
1525
4052
1401
1372
-1347
4376
-3868
4721
-2509
527
-1932
-1628
-3113
2027
-1215
-4073
1336
2509
-365
-1431
-450
-1735
-4534
4725
-1185
-1106
-1154
-437
4461
2415
-337
-313
-1489
1517
-2104
-3032
-1375
-572
-1717
89
299
-1942
-435
31
-2959
1827
181
3972
3317
-2072
2990
-2300
1051
4983
-3227
-392
-1287
3642
3476
-1471
816
-2267
4393
-31
2281
-2033
3177
3679
4762
4369
3405
2026
217
1325
-4108
-4355
4849
2548
-2667
100
-3292
3931
1484
4883
-2523
2051
1340
3075
603
-3453
-3810
2244
1265
4052
-1827
3376
-2435
-892
1993
3735
-4878
-2987
-4529
448
3404
-143
-1818
4193
3996
-4460
-4264
-3211
1052
-4566
-2194
4259
3980
-4157
1251
410
1825
4918
-331
1423
3215
4913
1724
-2868
-4171
2119
35
4517
3578
4900
-2336
4008
474
-1798
-1083
4316
1643
3017
-3978
2900
-3075
4225
4059
-4322
4879
-3425
2735
818
-2391
-4109
4782
-748
703
-3137
4970
-2508
-2003
-3812
3733
4400
-768
-2462
659
-3824
812
-2975
3086
-375
-4697
2686
-4007
2424
-4461
3661
2515
-4436
4346
1319
-972
427
-4698
1305
-4534
-3548
-3519
2722
-2411
695
-2625
2778
-55
2162
-1606
1057
4497
-2730
-58
-1549
4186
2617
365
137
-479
2671
4419
3420
3533
-2010
-738
-340
3787
-3026
-1862
-3972
3463
-3176
-1788
2680
-2947
3583
-4380
298
-4544
2192
-3306
-652
857
4211
-1866
-120
-2751
458
-2672
-458
-3055
-4778
-1237
-4045
4410
3203
-3104
170
4750
-1833
-4451
2163
4180
2776
4516
874
4010
-4955
4839
3357
-4153
-4166
251
-3223
4395
862
-4219
419
297
-117
2813
-1631
-2520
60
4287
-4774
-484
2998
4113
2675
1447
1605
2400
2950
-1783
-891
4127
2953
-30
-1655
3134
-4123
4263
1230
2119
858
-4395
3791
3301
-1469
1586
429
928
2840
2061
-3139
4097
694
-1556
-4019
1020
2733
3961
4397
4002
4009
-148
-4149
2921
-3658
-4675
1066
-3702
3307
256
4817
1008
-2939
-12
4671
4074
-1765
4901
2110
1429
-4510
1270
-3012
1833
4345
735
2364
3760
-1812
4136
3086
2366
-1974
-1112
-44
3952
871
166
-59
769
4786
-1772
-1307
-10
-3736
-1433
-1997
-1922
-3203
-4438
-1819
-2432
-636
-4574
-4400
-4116
4282
4795
1296
1388
-801
1825
-3604
-4578
4413
-2830
-4811
1537
2329
2142
-4274
-1147
-4251
-2519
4031
-1252
-4261
4318
2089
-346
-3917
-1604
-579
2716
-2957
-4500
2170
-3658
-4963
-1072
2347
-4960
4054
4440
1863
866
-4921
-4337
2978
3224
1641
-970
3535
1465
4092
1950
-3997
-2409
-718
2285
3816
-2043
-2286
3353
-1564
701
-843
4610
3838
-376
-512
3415
3976
-3176
1728
413
-802
4403
-3396
-4729
-3346
-1068
-479
-4138
4418
4431
3093
-1464
3149
4088
-1759
2287
2194
-4816
816
3157
-4580
1672
3799
-4136
4594
-1012
-3371
-936
970
-4252
2080
-4537
782
-1691
4186
2562
-1976
-3386
3395
4899
3901
-1639
2526
-858
-2719
2273
-4306
-3666
-4037
-2488
-487
-4776
3161
4915
-1648
-3294
3536
-1621
-4555
4625
-8
3905
-1799
-4871
899
654
4103
3961
-978
-4834
2734
-4232
2478
-3124
2364
-4831
-4420
250
2843
-1393
4396
4028
-1241
-3684
-3068
1371
-3175
2834
2845
-4481
2433
4717
206
3302
3829
-4772
-465
261
2491
1175
-435
1631
2371
-3251
4242
-2005
4757
-4676
4430
387
4565
-3533
1403
-2610
-2813
-3708
4512
-2815
2936
1323
2698
4138
4144
2543
51
-4610
-244
903
4461
2583
1972
-2741
-74
1501
4789
1912
-3698
-1260
3918
3766
-1743
164
3235
1357
169
3372
-1183
-1458
3506
1315
-3264
4752
-2344
3044
1169
-288
-3803
2752
758
-3275
-382
-4597
1073
1405
235
-3837
-1765
-3509
3065
-4847
2913
-4376
-182
-1016
-3917
1254
-3666
494
1483
-3311
-4646
4711
3340
214
3800
-1456
-4328
-4829
3610
-3380
2918
-3354
730
-1916
-2292
2065
564
4623
-50
-3108
3077
4781
-2316
966
-351
-1003
-4000
2118
-2232
-2761
255
4047
-2220
4276
4375
-1443
-4585
4692
-665
-2926
4413
4661
-2922
100
-4447
3518
1893
2184
3565
4619
-375
2096
-3368
-3301
925
-4981
3243
2328
2140
3687
-37
-3819
3934
2995
-1881
4399
-3023
4513
-4667
72
4752
-1036
-962
1634
-122
429
-4701
-4488
327
-2075
3344
-2506
-4849
3124
4931
-3436
-1748
-790
-3125
-345
-1710
-1179
326
-909
-1463
720
4540
-2996
3701
-1519
4959
1051
-2775
2491
-1720
3851
76
-2185
-2284
-4814
-2062
2007
-213
-3711
4691
2271
-3929
-2667
-4811
-1308
-2209
4364
-1379
-1077
-906
2691
3550
2186
-2632
-2294
-386
-1255
3601
-3301
1625
-1246
4927
3436
-2226
2461
536
-3190
-1441
-2762
-770
-2463
-1587
-70
-2549
-4727
4394
2602
0
1313
-4148
-4410
-3251
-4630
-2200
-3791
4894
-4461
2494
1035
-4972
-2690
1508
-2564
2969
-4669
-2776
-4264
4187
2017
1207
-3723
-3483
4137
-736
4817
-486
-4054
2406
3707
3459
-2758
-1949
4358
-3381
3621
-4360
-761
-1341
-981
3780
-3782
-1244
-3456
736
-231
557
-1375
-1161
4643
-1915
-76
-1827
-975
-132
-1683
-4633
2951
4379
4407
1422
1801
16
-4730
2498
-3592
-1407
-4481
-4652
1048
3822
822
3489
239
-4738
3059
-750
3438
4911
193
-4784
-1185
-194
-2454
-297
1183
-2935
2958
-1843
1926
-4542
-3836
-3861
-4290
1109
-2149
4674
3262
1065
-3312
-75
4725
-594
-4602
-1127
2691
-794
-3149
2984
2763
-927
2510
-31
1068
307
2800
3766
-671
4096
302
-1922
-3687
-2360
-3663
1624
-1125
3293
-2660
2628
-1217
1339
-3157
-3938
4620
4537
983
1239
2125
-3847
2004
-510
3425
4993
229
470
-167
2431
-4844
1743
-4880
1345
3760
516
-4330
-2856
-470
4009
-2882
1378
-3232
1224
2135
2794
-411
1527
1098
-2866
1712
4004
3331
176
1950
-1300
-4873
-1529
-1264
-303
2445
4215
1508
4053
-734
2496
4367
1860
-883
-4876
4147
-3491
373
4269
2741
1656
2660
23
2019
626
3497
-3963
-3862
-830
-1479
-1103
2013
-4265
852
3441
-4336
2925
-4228
-4286
-4640
4730
-3505
-1977
-3680
-3526
3691
3161
-354
477
-1408
1415
615
1327
-3559
-411
-1456
4379
4880
-1226
-3825
-3267
4613
-1757
-3952
1080
-239
1273
-1430
1769
4907
-1752
-3904
844
4086
-1135
370
3462
-190
3126
-1864
-2327
4320
-978
39
-445
-4288
2248
-3856
576
-1497
-3111
4717
2449
3803
-2406
-1398
2825
-2245
-1130
-2061
-2694
2806
-2316
3987
2036
3850
668
4298
771
3143
-2938
-1525
-4874
3316
-889
-4962
4022
-3897
-1371
-1644
3548
-1073
-3196
-1560
-1296
-842
-4484
1402
3897
-4445
-1004
-1872
1651
-1300
-24
2975
-2971
-1325
-3548
-4389
-2351
4451
-4757
613
1883
477
-748
3485
4522
-83
1396
-4702
4668
2086
-33
2165
4016
2925
3318
-4784
-4683
1903
-1309
4789
-1596
2324
-2899
1661
3510
4560
590
4108
3101
-3597
4374
-957
102
1767
-3349
-106
-2240
-811
-713
744
-3912
425
4229
927
3788
1903
-2331
-2948
-467
2691
1298
-2134
4733
730
-3968
439
-2494
-2767
-3047
-757
-1623
727
1001
3400
3872
-1589
-1920
2927
3198
-702
-506
2283
199
-3699
-1038
4950
-2463
-456
-1237
2980
4328
-1234
2131
-4314
-3771
2659
1906
-4533
4004
607
-3776
2268
4448
1777
110
-1461
4848
4759
-4391
4344
4363
-3772
1055
3290
-3266
381
1702
3373
-532
834
-3993
1973
-520
-683
-2437
370
297
3878
-1031
1270
1655
3000
2099
-3209
4499
3054
3832
196
-621
1640
-2394
-1100
3024
2510
-3923
-3780
1473
4268
-3417
-3488
-1227
3183
2534
-2743
-2201
-2178
-4474
-2282
-118
-2801
-4310
-3032
3285
2423
2745
-817
-3873
4495
1519
419
-1626
-4691
1044
32
712
4178
-2768
4253
-3196
-3615
-3934
4481
-3922
-1752
-4899
-1332
-2712
2254
-4814
4911
2721
2447
2507
-4883
280
433
-3586
1043
4744
-258
2795
1757
-1611
-450
-1439
4809
-4038
4369
-3573
4743
-2239
-2017
2699
-571
2427
610
3674
2100
-1983
-3700
4277
3610
-2821
3806
-4901
2030
-3675
237
-1310
4528
-446
-2187
3016
632
4583
-2254
-768
1980
157
4107
-3474
823
542
-655
-1839
-3958
4654
1460
-1944
-3061
3838
-1662
-1238
-1823
1766
1825
-706
-3929
-2140
3457
4038
273
3754
2702
2309
-1536
1014
4554
3581
3961
333
978
-1312
1374
4085
701
4027
-2695
3277
-4899
4094
163
-4926
-1203
2769
-2306
1584
3144
4600
1629
4570
3204
-76
2559
-3601
-2208
716
2650
4031
342
550
1419
-817
-4840
-2479
-996
903
4195
4725
4953
-4633
1890
-4601
1932
3186
2482
-2537
-1946
142
-2439
-4191
210
-1200
-770
-3472
106
1044
2378
4452
3523
-2857
374
-1884
1666
2337
750
-3378
-2555
434
2598
-4663
-29
2044
-4816
688
-3733
-13
50
718
3705
-3859
-1600
-4608
-2568
3528
3552
3694
1287
-129
3915
-3407
-1905
748
1978
2615
-1755
-2838
-2543
-6
408
-3427
-756
4563
3514
434
-4696
-1910
-3342
2113
-4396
3203
-1152
2268
2721
2390
-3451
3512
-828
2493
2179
-4859
-377
1612
-837
-1492
4218
-3418
728
-1984
-1715
604
-3955
3732
1412
-3159
1952
1528
4597
4423
1395
1016
-4925
-2946
-871
4467
-4642
623
-446
2010
-3754
-1629
-4126
-736
-1197
-3706
592
255
1270
1806
4093
-71
-3053
-3056
-3365
329
-4784
3081
3150
2701
1135
-251
3622
1803
3445
-874
2350
-744
1455
4174
-1298
-4706
4562
2388
-4333
34
-1367
1300
2010
3774
-3036
-1201
2664
1572
-3691
562
-4333
-3516
2382
-2052
1690
-1050
3701
-1946
-3922
738
-697
-2354
2988
-354
4288
4313
1582
4791
2684
-3516
3151
-878
2496
-1791
-4297
2735
-1836
-4144
-4191
879
-2981
3503
-1155
1692
988
-4686
247
-4044
-4267
3679
-3877
-2705
3603
-942
-2576
4788
-1594
1313
3056
-641
2307
-4927
4866
713
4445
2912
988
2014
2463
-3069
443
-4567
-4987
1401
2482
1932
-3321
2842
1486
-4679
-2224
2538
3782
540
4717
3363
3489
10
-2910
-3031
-3482
4704
-4094
872
1800
1768
-3252
-1525
-160
-3686
-1087
-4860
776
3288
3718
-1642
398
-3343
4772
4839
-3397
-447
2792
357
759
-925
-3993
2748
1024
-2934
-722
-3650
4617
-3033
-1987
2206
-3978
-3689
-323
-1574
4787
4315
1855
-713
-1665
283
1507
-3940
961
1387
-3077
-2683
-1934
2121
4651
550
-3733
922
-4198
-3384
3565
1379
-4570
-1470
-2182
2691
-2459
-3943
-2555
2623
-684
225
2816
-811
-4733
-857
4421
-704
2870
4552
4049
-1303
1917
390
-1833
4003
-3736
411
1942
2634
807
2645
-608
-3417
4265
187
1288
-605
-2669
-764
3959
4745
-888
-2390
-2865
-4147
137
2864
-1733
842
4377
-4151
738
4181
4755
-1970
3988
-3326
1933
-3829
-2316
-3410
490
-3336
3479
-1990
1321
-3102
4049
2944
2820
2273
-218
4576
1470
3221
3814
3928
-4208
-416
82
-2733
4957
1544
-1623
-3649
880
-909
1225
-2995
573
-2965
52
2960
1819
2837
-4943
2538
4189
97
4524
4946
4054
1959
-4164
-2444
-2473
1022
2109
-926
4898
-1943
-3469
2061
233
-1773
2401
-4689
-279
2129
1603
2287
35
-900
649
-290
-3408
949
-4464
-771
-415
-310
4750
4147
-2626
-1037
-214
3190
-2323
4232
-3210
3447
3750
4264
874
2837
-4555
-1372
1335
-3847
2898
778
-472
-3871
-4744
-3872
-3187
471
4247
-2621
-1554
28
1707
-840
-1059
-2219
1083
-3371
-548
-2329
3477
-3145
-4716
2967
-3473
4951
347
2172
-1362
-4606
4197
4634
-4875
277
-2314
-997
1138
-4940
578
-37
3816
1317
-970
2917
-4029
-3364
-710
-1750
3089
-272
-4882
-2893
-997
-4952
-1429
4730
-3125
246
-2726
-3350
1234
-4364
-4549
9
-357
2925
356
2927
1636
-778
-4912
708
-1449
4868
-4293
3209
2371
2866
-3787
1041
50
-2643
-158
-264
870
-1419
1091
1885
-1596
3161
-1229
-1833
1671
2417
-2928
2707
1271
-65
2884
2915
100
-537
-1381
-507
3560
4563
732
-86
-4824
4968
-2551
873
-277
-4387
3635
2466
4362
2497
4013
796
-2436
3597
-2634
2978
506
928
-4467
-2368
-1786
2847
-4090
-737
1621
1824
743
-2299
1333
4026
-2360
4774
-3868
-2251
-237
-3410
712
-3223
-1989
1660
3851
534
4842
2231
4763
-2451
54
-4633
2087
3389
-4607
1263
3992
4989
3897
-1127
167
2736
349
4853
-2189
-2337
-354
4742
-3411
995
627
-814
-4231
4303
-1746
-2131
2685
2030
497
104
-2648
-3720
255
4417
2286
-1505
4434
2933
1537
122
900
-1733
-1983
33
1152
4872
426
4620
1470
-1171
3310
-3937
-267
904
2080
878
-4431
1072
1288
-894
2139
3261
1453
28
1560
-452
-3244
-4215
-2064
-4623
1674
1650
2156
607
502
-1389
-2404
-3703
3456
-2642
1897
-327
-516
-1169
-4034
-1026
2445
3666
2021
589
4731
-2901
-1395
-2766
3172
-227
1097
-4859
1416
-4686
-4492
3570
2614
2967
-4219
1839
3148
1195
280
2493
-2205
1889
2920
333
-1606
3080
-3164
-151
-1788
3639
-4567
1542
2624
-3427
-1406
-326
3799
-3416
3282
3327
260
-1141
1752
-342
-270
-3697
3741
2759
-555
-787
2866
1366
-1156
3996
-155
-4261
1658
1128
-914
-1785
956
-3818
-3095
3336
-3762
1035
3863
3001
2245
-2357
-4908
2213
2279
885
-259
-1634
711
-736
-1239
171
-2910
2984
-4606
-1729
-275
-282
2293
-1010
880
1615
-4561
2007
-1562
3444
-2978
566
4213
-4608
1019
-110
581
-1877
-162
-4900
-4796
3372
3158
1855
-2811
-2098
897
2032
1577
2833
632
2683
-822
-4920
-2118
-989
34
2278
2853
-1613
-1035
2271
3022
2983
1862
-502
4455
-4012
-4156
1783
3727
1851
2610
-3246
-3671
-2169
-4325
-4635
-3305
1753
-3428
2977
-2852
4180
-4618
3801
2133
-2336
569
496
1637
-4083
785
2636
1732
4038
4078
2369
-429
1466
918
-1616
704
-1967
-1349
-70
-2022
3779
3511
4896
2660
-2332
-3203
2249
558
2771
4397
4764
-425
-218
-2155
-1858
-2450
-106
3165
-3908
-3527
-2125
-838
4865
494
4695
-2581
-2135
-1443
4976
-978
3132
4171
-3820
-1681
494
-584
3846
642
-1235
-3497
4934
938
-1994
14
-1204
4758
-2549
-3036
-3895
4336
3318
-3918
4167
-1437
1042
-798
4442
1836
4623
-1863
606
727
-1809
1384
-1652
-1016
-4876
-101
2920
3830
3720
-492
429
-42
-3284
-4444
-1593
3492
3885
-1329
-2380
-2765
757
-2677
949
4583
-3849
182
1091
489
-4059
2548
-3477
-2948
-3037
2225
3530
-1206
3610
133
4295
935
-2365
3121
4619
4215
-4161
1164
-3187
2903
-2077
1038
411
-3888
406
-1907
4481
949
-4160
3052
4459
4588
-1119
-2546
-3395
779
-3463
-1553
-3777
3343
534